0
0
0
0
0
0
0
0
0
0
0
0
0
0
0
0
0
0
0
0
0
0
0
0
0
0
0
0
0
0
0
0
0
0
0
0
0
0
0
0
0
0
0
0
0
0
0
0
0
0
0
0
0
0
0
0
0
0
0
0
0
0
0
0
0
0
0
0
0
0
0
0
0
0
0
0
0
0
0
0
0
0
0
0
0
0
0
0.99
1.98
2.992
1.452
1.672
1.98
1.848
1.1
1.21
0.968
0.792
0.587
0
0
0.293
0.33
0.22
0.825
2.904
2.112
2.464
5.236
2.904
2.112
2.86
2.552
2.2
2.596
2.288
1.76
4.84
3.08
1.364
1.188
1.672
2.596
2.948
1.936
2.145
1.188
0.836
0.88
1.375
1.265
1.1
0.825
0.66
0.99
1.65
0.715
1.027
0.275
0.587
0.22
0
0
0
0
0.22
0
0
0.22
0.22
0.22
0.22
0
0
0.22
0
0
0.22
0
0
0.22
0
0
0.77
0
0
0
0
0
0
0
0
0
0
0
0
0
0
0
0
0
0
0
0
0
0
0.88
1.1
0
0
0
0
0.22
0
0
0
0
0
0
1.32
1.54
1.54
0.22
0.22
0.22
0
0
1.1
0
0
0.22
0
0.44
0.22
1.87
4.51
0.44
0
0
0
0
0
0
0
0
0
0
0
0
0
0
0
0
0
0
0
0
0
0
0
0
0.22
0
0
3.74
0.66
1.76
0
0
0
0
0
0
0
0
0
0
0
0
0
0
0
0
0
0
0
0
0
0
0
0
0
0
0
0
0
0
0
0
0
0
0
0
0
0
0
0
0
0
0
0
0
0
0
0
0
0
0
0
0
0
0
0
0
0
0
0
0
0
0
0
0
0
0
0
0
0
0
0
0
0
0
0
0
0
0
0
0
0
0
0
0
0
0
0
0
0
0
0
0
0
0
0
0
0
0
0
0
0
0
0
0
0
0
0
0
0
0
0
0
0
0
0
0
0
0
0
0
0
0
0
0
0
0
0
0
0
0
0
0
0
0
0
0
0
0
0
0
0
0
0
0
0
0
0
0
0
0
0
0
0
0
0
0
0
0
0
0
0
0
0
0
0
0
0
0
0
0
0
0
0
0
0
0
